000100000009040000000000
000200000009040000000000
000300000009040000000000
000400000009040000000000
000500000009040000000000
000600000009040000000000
000700000009040000000000
000800000009040000000000
000900000009040000000000
000100000009040000000000
000200000009040000000000
000300000009040000000000
000400000009040000000000
000500000009040000000000
000600000009040000000000
000700000009040000000000
000800000009040000000000
000900000009040000000000
000100000009040000000000
000200000009040000000000
000300000009040000000000
000400000009040000000000
000500000009040000000000
000600000009040000000000
000700000009040000000000
000800000009040000000000
000900000009040000000000
000100000009040000000000
000200000009040000000000
000300000009040000000000
000400000009040000000000
000500000009040000000000
000600000009040000000000
000700000009040000000000
000800000009040000000000
000900000009040000000000
000100000009040000000000
000200000009040000000000
000300000009040000000000
000400000009040000000000
000500000009040000000000
000600000009040000000000
000700000009040000000000
000800000009040000000000
000900000009040000000000
000100000009040000000000
000200000009040000000000
000300000009040000000000
000400000009040000000000
000500000009040000000000
000600000009040000000000
000700000009040000000000
000800000009040000000000
000900000009040000000000
000100000009040000000000
000200000009040000000000
000300000009040000000000
000400000009040000000000
000500000009040000000000
000600000009040000000000
000700000009040000000000
000800000009040000000000
000900000009040000000000
000100000009040000000000
000200000009040000000000
000300000009040000000000
000400000009040000000000
000500000009040000000000
000600000009040000000000
000700000009040000000000
000800000009040000000000
000900000009040000000000
000100000009040000000000
000200000009040000000000
000300000009040000000000
000400000009040000000000
000500000009040000000000
000600000009040000000000
000700000009040000000000
000800000009040000000000
000900000009040000000000
000100000009040000000000
000200000009040000000000
000300000009040000000000
000400000009040000000000
000500000009040000000000
000600000009040000000000
000700000009040000000000
000800000009040000000000
000900000009040000000000